0.829
0.82325
0.7776875
0.7795
0.7515625
0.728625
0.7255625
0.700375
0.6988125
0.668625
0.6695625
0.6428125
0.6220625
0.5988125
0.5774375
0.5721875
0.588375
0.5748125
0.56075
0.5424375
0.525125
0.4994375
0.4810625
0.4781875
0.467
0.465375
0.453625
0.4415625
0.437375
0.425
0.414875
0.409125
0.4064375
0.401
0.3905
0.39125
0.3854375
0.3798125
0.3829375
0.3775
0.375125
0.379125
0.37475
0.3755625
0.367
0.367
0.358875
0.3523125
0.3485625
0.35325
0.3525
0.3463125
0.3448125
0.3436875
0.3470625
0.3421875
0.343125
0.3368125
0.3428125
0.339125
0.3385
0.3325
0.3319375
0.3326875
0.331125
0.3281875
0.3240625
0.3223125
0.318625
0.320625
0.3191875
0.319625
0.31625
0.31875
0.31725
0.3193125
0.3165625
0.3178125
0.31475
0.3129375
0.315375
0.3141875
0.3139375
0.3148125
0.3134375
0.313
0.30825
0.3076875
0.31175
0.307
0.3010625
0.3005625
0.29725
0.2978125
0.2974375
0.2956875
0.293125
0.296625
0.2945625
0.29575
